4.200000
18.799999

4.100000
10.500000

3.700000
15.900000

3.000000
17.200001

3.800000
11.700000

3.100000
14.700000

3.400000
16.700001

3.700000
17.000000

2.900000
12.200000

3.600000
17.200001

4.000000
17.000000

4.100000
13.700000

3.100000
19.600000

3.100000
19.700001

3.600000
10.500000

4.300000
10.000000

4.100000
19.600000

4.300000
17.900000

4.200000
18.400000

3.000000
11.600000

3.800000
16.700001

3.500000
16.299999

4.300000
14.500000

3.700000
15.800000

3.400000
16.400000

3.700000
12.600000

3.000000
19.200001

4.000000
12.300000

3.100000
10.400000

3.000000
13.100000

2.900000
12.700000

4.300000
10.500000

4.000000
14.700000

3.000000
13.900000

4.200000
14.900000

3.800000
10.300000

4.100000
13.100000

4.300000
16.500000

4.300000
11.400000

3.200000
15.600000

3.600000
12.400000

3.500000
12.800000

3.700000
10.400000

3.200000
16.500000

4.300000
12.900000

4.100000
11.800000

4.000000
18.400000

3.300000
19.200001

3.000000
12.000000

3.800000
17.700001
